block_number,reseve0,reserve1,timestamps
21167986,15000000000000000000000,1000000000000000000000000,1636459790
