block_number,from,to,value,timestamps
20645960,0x0000000000000000000000000000000000000000,0x0000000000000000000000000000000000000000,1000,1635285733
20645960,0x0000000000000000000000000000000000000000,0x2D2170D22d67D3eb3096FeB73b8100ba01d76E6a,82522724142111,1635285733
